0 14.3335567844572 7.00589666920817 14.4612666340375 1.07993088382397 13.9063693809396 14.6329606997399 14.48001132146 14.5330114778878 6.69351212419233 6.90411704765447 13.1622747768249 13.6336173545832 14.3401479160057 7.45634715677793 0.904433507737162 1.16890254605006 14.4556500248759 0.751042767374117 0.879735559664783 6.85196569973683 0.904170701840139 1.0821569816625 14.5748565404299 14.3996699569062 7.09927193398375 14.0865274899677 0.725700494173237 1.03746673343911 14.2283320574663 13.570694283558 14.7140732615078 13.5745611585179 0.954960131404006 7.90285685562276 6.81873952678983 6.95936620388046 7.20009537996663 14.970104690819 14.9724178798246 0.352836609146956 14.4475730383505 14.2388160825316 6.58933825349542 7.02387628515319 13.4384182607068 13.535724488951 0.970475248544772 1.39067737329384 14.3555811338619 13.3892425422296 14.6607063423618 14.7925017876372 13.3973037944422 1.7090738332324 1.04146603081625 6.74070890630794 6.98457276923703 15.3291982325835 6.30110871490351 14.0623251832294 14.3741805370184 0.436518266721509 13.614164270245 1.9236774863004 0.492519106951015 12.6371208602913 0.315153516859671 14.3255485342626 13.7760850842354 14.5988366633456 13.5891845464103 0.989352260008186 7.04408792358971 13.9537806406778 1.18994714054654 14.1895937794186 0.440292721146006 13.8163513355535 13.5906494619953 14.8730603817225 13.8106088370191 7.31127033887768 1.51355779938043 6.96719128086588 6.96553495243905 7.71165655503085 12.9683016563289 6.38252713289847 14.683291900829 14.705015033988 13.4889693508666 6.5365675023638 12.8038068517304 7.1933554551613 6.93120962280572 7.69810559811274 14.4984310723724 1.44577238739817 14.3132482801758
14.3335567844572 0 17.1179707872704 0.276112295939962 15.1650345125355 0.865154462753624 14.98977176613 14.6201112633001 14.9084214930528 16.9791420105392 16.9210961506207 1.17215655253246 0.699940093564517 13.8635556109494 17.0849480560326 15.2353911989272 15.2889061929881 14.8617686452414 15.0745838001061 14.8754168789578 16.6764428626061 15.0965642013742 15.3520905574412 15.1673520454928 15.0425071631033 17.3447134945946 13.9844978240682 14.5163167666447 15.3622944119056 0.923590936822663 0.940853250401531 14.7684770004916 0.824873011467643 14.500793795116 17.4429691762192 16.7388297766073 16.3139513860929 16.7958203251905 15.0019156557042 14.0637398468747 14.6348224160618 14.3723789906182 0.382727465856281 16.8841196462645 16.7847480822215 1.14054157908067 1.26199756975032 15.0990246273473 15.5850962706711 14.1673281423042 13.9671619542037 14.524807141088 15.2656009118132 0.939349625964112 15.7329980807155 15.2726273112522 16.9649751359943 16.1208823536839 14.9612052414865 16.5138469579474 0.329960280963142 14.2546066976594 14.6225432604371 1.34367469190922 16.1673747169431 14.3707698862495 1.69655751790168 14.6461526330846 14.561305599255 0.577405001897252 14.2413184163264 0.753654120768241 15.3224182102517 16.1979470063177 0.45862457028308 15.062479338141 0.145018016161183 14.4274677958573 0.795607846785018 1.21398804203507 14.5317817494877 0.826776097486182 16.4897350395176 15.044235365786 16.4651457939295 16.0969001073156 16.9989993718363 1.47445765071287 16.4664451947202 14.0367993978886 14.5346330604054 0.904480693606208 16.2164212004181 1.54296889907117 17.6805136420312 17.1278945864455 17.4491699563094 14.6538005307427 15.3421559032456 14.2131481064767
7.00589666920817 17.1179707872704 0 17.1364602288528 6.18992928025669 17.0278635403446 10.1618242407962 10.1729380465533 10.0863058492129 0.31574205158348 0.197140147126916 16.0707987417346 16.478987933053 10.4068185235471 0.568659133568717 6.81966181669159 6.19372998967896 10.0198703066255 6.77746691103974 6.22412692420686 0.453738595909626 6.40526339756902 6.50601830822561 10.0032344946099 9.86151387586087 0.231587113979689 10.0535291481757 6.28075955479421 6.74433406129906 17.3845834728076 16.6441593494707 10.3697259792587 16.5564931359623 6.05229191753837 0.927446383087567 0.380025858834066 0.917677169823807 0.549342034035709 10.5522358306442 11.0313750346516 7.13816077952322 10.2638363928171 17.1794304482218 0.416558415995216 0.411685178138351 16.5868323302173 16.7814483962765 6.29156410635114 6.24477779317647 10.2648561056756 9.27541423865273 10.4323003240601 10.210083780985 16.2960208839517 5.8487729809725 6.4243724800019 0.265218880977579 1.15056593256517 10.9970274942453 0.752567172081529 16.9455246539585 10.2405600859231 6.63046963487623 16.9134447810176 6.27733941242244 6.51814894074186 15.5877358695607 6.91271269341349 10.024233786256 16.6698281122378 10.5068521787873 16.486924707583 6.85295138702048 1.10014757219217 16.8743751731124 5.94738425133972 16.9791962330519 6.56561584104067 16.3976168325404 16.8240281858419 10.6764212796374 16.8969339812861 0.983731955478661 5.55196653038304 0.748784637774332 1.16664600484559 0.936934406691966 16.1039853880938 0.727253684962615 10.7104178079263 10.478860620963 16.215143742141 0.901553199657616 15.64545600219 0.592369401006362 0.0983963480183713 0.697503665045044 10.1769545982129 5.81688191911212 10.192149532973
14.4612666340375 0.276112295939962 17.1364602288528 0 15.2810964620861 1.14074608991768 14.842184242069 14.4718170003849 14.7618975477799 17.0022264146638 16.9394458858859 1.32883852734482 0.861129343495246 13.7108734183052 17.0942916393016 15.3618463728723 15.4052618345803 14.7162333845578 15.200159632316 14.9913386363852 16.6932867548777 15.2160595409011 15.473614494955 15.022566512007 14.8997516970096 17.363926861877 13.8377569012355 14.6319843608608 15.4876531944389 1.18844981580272 1.191305077894 14.6172499944935 1.05015832959632 14.6123192301018 17.447554484174 16.7569477868629 16.3252552880102 16.807120466632 14.8482473596974 13.9010042244663 14.765570276669 14.2223576517598 0.655332485316947 16.9082181129798 16.7993525747157 1.39383797450919 1.53123735268887 15.2166385460752 15.7026421726924 14.017134899495 13.8337423834348 14.3722383364559 15.1177793642864 1.10910883609019 15.8443233354011 15.3927291927629 16.9869830194776 16.1299825679002 14.800599309497 16.5397580699549 0.587441922629424 14.1048697057061 14.7446712692791 1.61777033716877 16.2854453405307 14.4900606243505 1.84123281858459 14.7731436456058 14.4153485279551 0.788924318996689 14.0872304544884 0.942247670027177 15.4494812476678 16.2065764467786 0.712260580260268 15.1742263000638 0.353407200467772 14.5478168994011 0.741994653820433 1.48466110969137 14.3753392033105 1.09718356851386 16.4958856139562 15.1491498663767 16.4777040543325 16.1061593684824 17.0024788435178 1.69009219670132 16.4903171019667 13.8792163561951 14.3813335747876 0.976237749223351 16.2349915711309 1.65771234892331 17.7018689299789 17.147956537368 17.4578262464487 14.5054824157011 15.4523925946132 14.0641789424463
1.07993088382397 15.1650345125355 6.18992928025669 15.2810964620861 0 14.7728126300189 14.4223562803034 14.2947612757682 14.3251280536685 5.87439299399932 6.10727932621523 13.9973312837818 14.4658505996111 14.214346474411 6.67476472120741 0.643871056193308 0.12531101451946 14.2485034739021 0.588000241899485 0.289820527351696 6.08495809592589 0.219241449700166 0.385608263277147 14.3464182707348 14.1744555046517 6.26062544763466 13.9404757504659 0.649360974998286 0.608197180722129 15.1012748000436 14.4287856477317 14.5259265029857 14.4221587438561 0.71855636114088 7.10628477050593 6.04095470751374 6.24957716581764 6.43946216129817 14.7730699628239 14.854691069109 1.03182955779434 14.282321551145 15.0875061703306 5.77594556289 6.25332457470024 14.3038742071496 14.4129957215778 0.114611611443405 0.430657006751696 14.2042751976299 13.2182245288335 14.4911531918864 14.5651680611642 14.2335286267915 0.636470534121206 0.270497122043656 5.92678657536103 6.30351251943192 15.1512869976892 5.52067488195661 14.9028895282939 14.2161004914513 0.65083525232 14.4980494484625 1.01128715606259 0.815503087485858 13.4716873674689 0.835931780884799 14.1389823721048 14.6153019921054 14.4509567115493 14.4271305243413 0.698421779367082 6.35557220873657 14.7977097469831 0.280535502761822 15.0204100969404 0.77845159858315 14.6189678408498 14.4670043180315 14.7117745510202 14.6722651102084 6.59843643318551 0.679721354266506 6.23676013387241 6.28679844053478 6.95730625047402 13.8279452211585 5.61451460090214 14.5562059868788 14.5364665368359 14.3056723602137 5.81520581560998 13.6271567755785 6.31985124611551 6.10879745627507 6.88728406984604 14.3110458681067 0.394635880026689 14.1563035558114
13.9063693809396 0.865154462753624 17.0278635403446 1.14074608991768 14.7728126300189 0 15.4241347266545 15.0572986390726 15.3395716065821 16.8748760229619 16.8317602067853 1.00555560245667 0.783678051225009 14.31583057874 17.02354666516 14.8105398554809 14.8955503488095 15.2898875196059 14.6527526545559 14.4841512711103 16.5922501601942 14.6937176306468 14.9424624636954 15.5926221042739 15.4615953183764 17.2519639641202 14.4179219734175 14.1265189039796 14.9406607902445 0.357027763964248 0.385558841297548 15.2146381780803 0.53058777689056 14.124010296424 17.3958822119308 16.6505357282553 16.2477715138716 16.7287858057303 15.4553883210759 14.5472328266408 14.1975737827441 14.8154092161987 0.508412903646241 16.7768394883122 16.7073807886035 0.469063666954953 0.437339284127045 14.7020614763511 15.1875195234986 14.6112532743265 14.3588826337247 14.9755836160732 15.7002679022571 0.827434514105476 15.3546273459025 14.8675802546352 16.8641052357846 16.0619691863749 15.4365855191023 16.4015378562078 0.581453538867713 14.6969473014327 14.2123041773915 0.483197462797501 15.7672364589369 13.9698956545485 1.44296567882663 14.2206429973024 14.9912513569032 0.603677747562486 14.6973428982962 0.693242279567358 14.8955233032116 16.140363397066 0.491398312304485 14.6839473075166 0.816436443914269 14.023167555913 1.33676719296709 0.380985664927989 14.9947240010816 0.144152906095163 16.4393794558913 14.6871351944936 16.3947585196064 16.0375341583362 16.9561160498613 0.95284196627567 16.3606098121314 14.504149685568 14.9876897198973 1.12850037940878 16.1276550461585 1.42926255882079 17.5805190822434 17.0328451344255 17.3893194240618 15.0910067559996 14.9678549432679 14.6531513056248
14.6329606997399 14.98977176613 10.1618242407962 14.842184242069 14.4223562803034 15.4241347266545 0 0.372709913896873 0.105429384352399 10.3411916896372 10.0572463667766 14.4754293882051 14.6495749484784 1.17200552754961 9.65065090221766 15.0123308855375 14.4996886383999 0.181909613417928 14.8830996135117 14.2739105981233 9.859761248252 14.5706012635473 14.8079280154991 0.253484074598766 0.312350493994972 10.3163529955881 1.00623850969749 14.0921879694172 15.0191547039621 15.7225335570715 15.0932317355152 0.321909121938664 14.9005426720519 13.8706534776374 9.5740503840984 9.95756921620601 9.39966126677979 9.61693332529469 0.392187460655544 1.33774989714395 14.9377910788361 0.637223548168714 15.2616205686561 10.3493813393814 9.78991711564523 15.1648038043054 15.4392161640102 14.4720214701447 14.7145307102517 0.839641136782619 1.32975246846239 0.563990928068467 0.276133623237791 14.6072521858397 14.4565390010663 14.6912940511842 10.2761125812718 9.20033880205328 0.847416557466691 10.2716222499926 15.0172939703372 0.748420789519804 14.4785770999422 15.6083250866694 15.0534467374965 14.2132119443413 14.2302032608116 14.7452532083193 0.439772818091581 14.8470343021529 0.855579920889693 14.7312946915496 15.0901177790044 9.20714092818752 15.0239615920094 14.1441054098501 14.9028262753651 14.2941668629455 14.2112776248283 15.4499549361084 0.729427260474867 15.282871278182 9.1996119894299 13.7762847437561 9.53317052811702 9.19898653980161 9.29127732125764 14.8274409415659 10.1406458060479 1.1448304637761 0.583982395083877 14.3035280316374 9.74649761786352 14.1089143559322 10.6102441015719 10.2518413688667 9.79813422473558 0.339507135388947 14.2007527444878 0.7820978677628
14.48001132146 14.6201112633001 10.1729380465533 14.4718170003849 14.2947612757682 15.0572986390726 0.372709913896873 0 0.309913173697385 10.3427454032157 10.0622749274544 14.1101866705717 14.2822286767585 0.804855157145086 9.67148464504872 14.8784247751232 14.3744717639154 0.298381980661712 14.7466434293341 14.1402767011275 9.85848357538366 14.4390516948603 14.6800936452773 0.592262388122846 0.549650754200717 10.3336337810377 0.641877815848984 13.9509937867088 14.8885934644651 15.3548851836534 14.7272960136236 0.236097186498419 14.534095879934 13.7318440559387 9.61258975274349 9.95695552018014 9.39184258019986 9.62580525447664 0.510942721886872 1.06437334709987 14.7888762815326 0.270727432848915 14.8928764620149 10.3468595178472 9.79469826652515 14.7997982274942 15.0744197099343 14.3419003365979 14.5945169289013 0.46859847682042 1.10009871544177 0.284831513930037 0.646449364929559 14.2410248387675 14.3445312013154 14.5629200976825 10.2784270907227 9.1878109573979 0.859491177321135 10.255504317257 14.6487800253016 0.376929210631528 14.3353132718824 15.2435626863944 14.9447001769946 14.0665098604652 13.8675969662577 14.5991518043438 0.156234346936769 14.4794479747333 0.524655288270252 14.364361244448 14.9574674953438 9.19790152620858 14.6559448406044 14.017475223592 14.5335518162839 14.1479846504879 13.8421878717905 15.0848748016932 0.52137671490351 14.9161619804794 9.20355761881415 13.654177295196 9.52933714330649 9.18542242648076 9.3162852608079 14.4643432185413 10.1250855829747 0.822948848383669 0.325922376846608 13.9361188704965 9.72793575404122 13.7448974963607 10.6349334962889 10.2614458888248 9.83166266062071 0.0337114241120317 14.0812829227292 0.409432185800169
14.5330114778878 14.9084214930528 10.0863058492129 14.7618975477799 14.3251280536685 15.3395716065821 0.105429384352399 0.309913173697385 0 10.2638216157178 9.98052039367899 14.3894870518039 14.5655221349688 1.11458234517362 9.57702912235012 14.914398723995 14.4027412851217 0.0776922170200861 14.7848802997942 14.1759880109134 9.78179648049193 14.472922763031 14.7106834313092 0.282487767638107 0.274786733231523 10.2420851832776 0.924158832403718 13.9934320122171 14.9216016265374 15.6387693787293 15.0078596537181 0.330773328451721 14.8156277402643 13.7721477363899 9.50411864857077 9.87974224344506 9.3204055774818 9.54091050623586 0.467463002798709 1.33029841149181 14.8382528472573 0.580566935298932 15.179082958373 10.2712305525767 9.71311340347296 15.078657057654 15.3528989047584 14.3745030907891 14.6182126356068 0.777099486064254 1.22435222647766 0.543033658687044 0.366161815242613 14.5221453367976 14.3612054020956 14.5939834627156 10.1988828167391 9.12018318295793 0.913130953091061 10.1909252269885 14.9344894019659 0.685275090085192 14.3796121667716 15.5219781848558 14.9585490732252 14.1138814563295 14.1423242897162 14.6459986887968 0.348653974168473 14.7632212685108 0.821121491703235 14.6468366817073 14.9923290828799 9.12759621905395 14.9405997753556 14.0469809766014 14.8209571408361 14.1948921984971 14.1291843605047 15.3638628369398 0.735887998111181 15.1981914010722 9.12257466683898 13.6796833624735 9.45468187423096 9.11863979351977 9.21846615187767 14.7398842754753 10.0600377674568 1.11639046814005 0.570461407384029 14.2195450730131 9.66530145704194 14.022029151849 10.5375183109318 10.1760337537654 9.72716439893564 0.279405468000434 14.1044842943769 0.712872713593108
6.69351212419233 16.9791420105392 0.31574205158348 17.0022264146638 5.87439299399932 16.8748760229619 10.3411916896372 10.3427454032157 10.2638216157178 0 0.297845190320604 15.9231487860147 16.3354263547609 10.5563194943356 0.855214354129172 6.50395465306139 5.87802507961228 10.1963697634913 6.46197374224641 5.90948995376837 0.488982785903525 6.08981027151202 6.19027627887135 10.187669195282 10.043182665247 0.436506654899221 10.2065944846989 5.96819276049624 6.42859407999393 17.2313106594124 16.4918469504202 10.5428082551195 16.4076118247542 5.74031209825153 1.24117509421852 0.389270103495992 0.978313032322312 0.746869923916883 10.7305533926496 11.1849210007559 6.82395197818576 10.426971988058 17.0343549454098 0.113289034237467 0.556619336473264 16.4312743498826 16.6225983181538 5.97613883258729 5.92922283349157 10.4225917797161 9.42793596278069 10.5989934270534 10.3962467877719 16.1496080529941 5.53352027124956 6.10866193196926 0.0680453691628317 1.2057772873518 11.1726328232581 0.494837557361702 16.802035594756 10.4006424703761 6.31672987697819 16.7528561600174 5.96425886945892 6.206270158577 15.4365013788696 6.59860302881516 10.1928377144171 16.5249569812275 10.6660838404258 16.3412427899825 6.5372096897468 1.17415215754844 16.7291062352607 5.63221073607983 16.8396841748069 6.25321944250173 16.2646619637984 16.6658191557798 10.8426198493352 16.7449514947569 1.14230879833653 5.23717025373231 0.823458096405476 1.21609583128283 1.20819665867598 15.9472345736509 0.514554423299385 10.8639832543897 10.6456823641868 16.0755129059716 0.811995588112473 15.4988799978537 0.708947131916833 0.238300219570047 1.01322626926775 10.3476280564907 5.50117127570305 10.3512121207749
6.90411704765447 16.9210961506207 0.197140147126916 16.9394458858859 6.10727932621523 16.8317602067853 10.0572463667766 10.0622749274544 9.98052039367899 0.297845190320604 0 15.8743516593313 16.2823173015811 10.2841693813921 0.577922656897538 6.74050372509074 6.11473933779433 9.91342482255001 6.69394246985537 6.13319906576053 0.262038849261012 6.32134852631196 6.42955573468249 9.90199363746291 9.75842374438936 0.427454243739461 9.93287064558723 6.17995378745135 6.66849414498798 17.1884974571799 16.4480112150839 10.2611296190996 16.360116306619 5.94951005916912 1.0002424233235 0.182937395005655 0.743892293904721 0.450057420266566 10.447002776745 10.911072832862 7.04431322598046 10.1491028838402 16.9828307153773 0.35482524710139 0.267581241543503 16.3909313612691 16.5858247024775 6.20734570041145 6.17466519613144 10.1469194222697 9.15436812660216 10.3197374420496 10.1100195034536 16.0995004848194 5.78268264627344 6.34549827140963 0.229801945348746 0.977208495519137 10.890077778744 0.611549006997266 16.7488471524486 10.1240030140316 6.53442187621478 16.7179792416353 6.22472743353773 6.41480619024037 15.3915238345339 6.81841225382577 9.91281300766655 16.4732216240359 10.3898143127091 16.2903625320422 6.77615854005985 0.933170474046111 16.6777878777667 5.86067530271117 16.7823476314076 6.4640560237596 16.2005753335999 16.6283471294595 10.563574763707 16.7007597764439 0.858792013411392 5.4624644134587 0.577605056342928 0.991505759717545 0.917116419785972 15.9081885497965 0.562552133776001 10.5901018320514 10.3663800300482 16.0183041291597 0.704713988745137 15.4489507732751 0.784034491691829 0.233098669281954 0.799281038789256 10.0668311724483 5.73828724090203 10.0749859672574
13.1622747768249 1.17215655253246 16.0707987417346 1.32883852734482 13.9973312837818 1.00555560245667 14.4754293882051 14.1101866705717 14.3894870518039 15.9231487860147 15.8743516593313 0 0.473492983106184 13.3766244663523 16.0564427082053 14.0643361381058 14.1210688684776 14.3384963971114 13.9037330655157 13.7077980672327 15.6328898911992 13.9275194635689 14.1823457951762 14.6397519605795 14.5061766182959 16.2959478675549 13.4696526589661 13.3488403422697 14.1914841668259 1.35365333364796 0.633032599863243 14.2716077918116 0.490370298342581 13.3352955085893 16.4243093426563 15.6926881662575 15.2820253748452 15.7634735790533 14.5157071431526 13.6243346235884 13.463043204164 13.8712403798142 1.12034842105635 15.826265129337 15.7456214296093 0.691053561157145 0.967975284313812 13.9306891603945 14.4167524159949 13.6676979940594 13.3934278009308 14.0350024740418 14.7514841679568 0.236843780072196 14.5674693398181 14.1033579367853 15.9110572633004 15.0937635691343 14.5082769215212 15.4528466989507 0.91015141726653 13.7525600143454 13.4526504271884 1.13708047833718 14.9987886622182 13.201850048144 0.525659233234239 13.4750042359266 14.0409125183857 0.621862348010231 13.7596289467585 0.432436781707845 14.1512327756374 15.1717512405509 0.816805672083283 13.8968041430041 1.02917465921819 13.2581676632642 0.903825327578684 0.975141030331141 14.0602474411518 0.862762531687039 15.4685573017663 13.8824829028219 15.4304831133623 15.0694681936953 15.9831380869598 0.527535731225319 15.4093342277145 13.5724696943134 14.0482203297464 0.481762162207115 15.1698142446795 0.429132971242787 16.6273442045301 16.0776285204267 16.4218074580614 14.143874827487 14.1772399836602 13.7077041532431
13.6336173545832 0.699940093564517 16.478987933053 0.861129343495246 14.4658505996111 0.783678051225009 14.6495749484784 14.2822286767585 14.5655221349688 16.3354263547609 16.2823173015811 0.473492983106184 0 13.5384280277631 16.4559988645495 14.5354550844008 14.5896811458272 14.5163361687509 14.37466155352 14.1762579345606 16.0393419315531 14.3969913948489 14.652349567994 14.8196105579396 14.689654172179 16.7049049331514 13.643336992186 13.8172008843105 14.6623760999569 1.0752851768579 0.541668620532565 14.4382361351768 0.321442697425745 13.8023538175776 16.8193956810959 16.1003500387207 15.6830440800189 16.1647584301682 14.6779925134024 13.7662920539267 13.9349546097956 14.0394049688143 0.70551477556545 16.2394003307808 16.1500375091544 0.717326446791359 0.959573977834478 14.3996486769169 14.88571993396 13.8350824646004 13.5920930436086 14.1984893864318 14.9257035075687 0.248007926259162 15.0345575840955 14.5729976749421 16.322365388501 15.4925337352833 14.6565410536757 15.8674088651847 0.466609369032519 13.9210263748768 13.9227692262077 1.10792615334168 15.4679307673903 13.6712274067941 0.996711773794529 13.9462132831835 14.2173408306454 0.205164167349889 13.9194981551189 0.124163345591501 14.622478328267 15.5701085378192 0.407260133142038 14.3639806448366 0.556208622649553 13.7278279257509 0.616376162349706 0.938319380957741 14.2160433727965 0.650051717472546 15.864652853403 14.3472456854589 15.8327889130633 15.4683788181428 16.3768752957944 0.859419703487834 15.8220709538712 13.7248804391935 14.2102840864585 0.346374781974472 15.5776210247514 0.852562533140582 17.038387281027 16.4872565218132 16.8208890375906 14.3159394701845 14.6439368275125 13.8775764638892
14.3401479160057 13.8635556109494 10.4068185235471 13.7108734183052 14.214346474411 14.31583057874 1.17200552754961 0.804855157145086 1.11458234517362 10.5563194943356 10.2841693813921 13.3766244663523 13.5384280277631 0 9.92728934576599 14.7821739599287 14.2993479749849 1.09385011972152 14.6447596973891 14.046270906267 10.0683050859415 14.3491923809342 14.5982786875065 1.39647398201766 1.33250795421111 10.5794173461234 0.375688951123024 13.8398645034627 14.8000519425095 14.6092552092825 13.9902780215513 0.910123524871541 13.7946832467295 13.6267928405749 9.90415231214409 10.1677058040387 9.59036625130247 9.8575210501261 1.13956819952604 0.64613602409286 14.6578422949032 0.53520441724943 14.1415279716522 10.5520076715092 10.0172666847598 14.0670966375676 14.3425853478251 14.2555558906832 14.5308355512414 0.340031413333927 1.13514002568326 0.661366767706027 1.43697413967015 13.502765270977 14.2996579021222 14.4801156328555 10.4938323746388 9.37761133122553 1.20225291846345 10.4327700480511 13.8987525128895 0.431111592016714 14.2184772560667 14.5118301171917 14.9059198593332 13.9422405583153 13.145881613119 14.475108531254 0.811840413353104 13.734365066776 0.386658822955385 13.622609582439 14.8639581248641 9.3944737099374 13.9085760538507 13.9399216365964 13.7792893159709 14.0247465135859 13.0891571642253 14.3517405578963 0.705601663312474 14.1753565640228 9.42726318829539 13.5878923535882 9.73542444403382 9.37308060024878 9.58216667886866 13.7402632204254 10.3040789261527 0.343174404015032 0.671861795138694 13.1921017897023 9.90245732941994 13.0170529493826 10.8945612823544 10.4918759768451 10.1122773662254 0.836315302264861 14.0200060707956 0.416854147223979
7.45634715677793 17.0849480560326 0.568659133568717 17.0942916393016 6.67476472120741 17.02354666516 9.65065090221766 9.67148464504872 9.57702912235012 0.855214354129172 0.577922656897538 16.0564427082053 16.4559988645495 9.92728934576599 0 7.30973372982798 6.68425560238314 9.51166059576702 7.26068561576783 6.69516860421095 0.61213559386546 6.88798922581162 7.0002465631846 9.48719721435761 9.34826153306663 0.670849296794464 9.57028880364177 6.73357156049613 7.23941897667502 17.3805616133605 16.638785588425 9.86475490075214 16.5441970040283 6.50138825048201 0.463772856234868 0.637608770098785 0.779130015846368 0.312207320736583 10.0418657449685 10.5468166663528 7.60357299532947 9.76937258328589 17.1588948548419 0.930064442027199 0.439238256229033 16.5881719994396 16.7894229947769 6.77384473505396 6.74813998893069 9.77625503537814 8.79353646734688 9.93392754106673 9.69226450940847 16.2789508987828 6.35760339790801 6.91499903468019 0.790702387361071 0.964331830352247 10.4891127003538 1.1566412637527 16.9219854248229 9.74941343166098 7.09209806198827 16.9249187078664 6.80230736355733 6.96579090743024 15.5811392639921 7.37740532409014 9.52414747490845 16.6493102226457 10.016425995262 16.4682049631892 7.34659374885654 0.888432791959277 16.8544845260597 6.42573929434175 16.9476535117419 7.01676561133761 16.3535586671931 16.8306384969384 10.1784018701964 16.8906688073182 0.627636791659071 6.0258434014678 0.648388201903439 0.988137293080483 0.372853646093912 16.1082183788481 1.07523618614963 10.2260772128472 9.980319561311 16.1845108175159 1.02802580748022 15.6293327326967 0.967397680838721 0.66703237257179 0.366423129050747 9.67459790042087 6.30814400077485 9.7021533761684
0.904433507737162 15.2353911989272 6.81966181669159 15.3618463728723 0.643871056193308 14.8105398554809 15.0123308855375 14.8784247751232 14.914398723995 6.50395465306139 6.74050372509074 14.0643361381058 14.5354550844008 14.7821739599287 7.30973372982798 0 0.625937914709571 14.8375576356242 0.170202891931872 0.738424821898251 6.72241050568746 0.451704875497114 0.327502394840419 14.9405726224486 14.7677752990458 6.88545033269939 14.513706301613 0.972762588728429 0.143750254702581 15.1326831740561 14.4744929802229 15.1104355758731 14.477711216807 1.16208344490818 7.73849986165066 6.67707596002191 6.89188650161424 7.07735680100875 15.3599085835746 15.4206032783722 0.653872898593442 14.860843379175 15.1420900032631 6.40673722521492 6.89018158491242 14.3425371191538 14.4401310720843 0.561537576739171 0.654867945456307 14.7790668243991 13.797637689848 15.0709038330242 15.1591681392775 14.2995001387199 1.06333128903021 0.395319908645805 6.55726513926884 6.94698428312024 15.7335086757311 6.15702471291922 14.9649668934099 14.7927010809712 0.668923013443311 14.5185937566565 1.07032882835414 0.969110655957314 13.5390743439085 0.589901075202954 14.7228963583664 14.6785868538037 15.0249628184805 14.491556870202 0.0952503139400293 6.99880014414806 14.8566854776568 0.915957919624993 15.091347801584 0.890606001197169 14.7145619055875 14.4950456744474 15.2894800686412 14.7145895191845 7.24041293970268 1.32150586877456 6.87770458197859 6.93033422349657 7.595524744843 13.8721459287968 6.25231538328047 15.1245806077605 15.1159798148883 14.3890431708778 6.45704488499194 13.7045845592642 6.93528013350788 6.7373681000228 7.51716507019266 14.8952552696853 1.00279258160392 14.7325707930592
1.16890254605006 15.2889061929881 6.19372998967896 15.4052618345803 0.12531101451946 14.8955503488095 14.4996886383999 14.3744717639154 14.4027412851217 5.87802507961228 6.11473933779433 14.1210688684776 14.5896811458272 14.2993479749849 6.68425560238314 0.625937914709571 0 14.3262066289281 0.603808461215938 0.414550535071992 6.09776734000261 0.270522826811719 0.325708032955848 14.4220882246548 14.2504801092049 6.25997372244558 14.0237920868429 0.77405082829979 0.563406640626985 15.2237709468037 14.5518151458318 14.6053101244251 14.5455378825569 0.841056741484878 7.11262083773401 6.05193368906684 6.27169631188181 6.4528976474994 14.8515714706409 14.9402237339824 1.08860587968631 14.3638429661418 15.2108729055964 5.78080514911623 6.26528372596693 14.4266313495249 14.5352877736648 0.204222542012489 0.305817031661315 14.2870570042591 13.2995384543782 14.5722332409251 14.6408832889812 14.357241466742 0.540279816226252 0.230760042788195 5.93132807453437 6.33006062693643 15.2314456846805 5.53198766838836 15.026499133571 14.2982792573593 0.749202378079346 14.620059502895 0.88599193778473 0.933240124666678 13.5954197307828 0.906664838906853 14.2186155697998 14.7389417935226 14.5339752135181 14.5508008489719 0.665044844972248 6.38089529250449 14.9212154072909 0.36091740506612 15.1442952020232 0.892003916919335 14.743479818337 14.5893367973106 14.793538247509 14.7951765003887 6.61960131193558 0.732552939073041 6.25554757313325 6.31372711375375 6.97120013418037 13.9508963301103 5.6278683614076 14.6410087762385 14.6176250328893 14.4298832734342 5.83611126948984 13.7511892885316 6.31204689275673 6.11148120877826 6.89123288674788 14.3905568273069 0.376919862162782 14.2385993442889
14.4556500248759 14.8617686452414 10.0198703066255 14.7162333845578 14.2485034739021 15.2898875196059 0.181909613417928 0.298381980661712 0.0776922170200861 10.1963697634913 9.91342482255001 14.3384963971114 14.5163361687509 1.09385011972152 9.51166059576702 14.8375576356242 14.3262066289281 0 14.7079558775701 14.0991507678818 9.71403310503517 14.3961582616013 14.6340530464227 0.309662359064965 0.25302430728784 10.1763391594084 0.881000866868381 13.9163600301371 14.8448747690636 15.5898393947867 14.9574073772913 0.372928390858416 14.7656163356336 13.6951440333479 9.44084870695311 9.81205113896832 9.25196016540043 9.47421020779511 0.538180701217757 1.34801186270783 14.7609835328479 0.565634062181677 15.1313161849661 10.2033568947083 9.64598144781995 15.0274580035581 15.3015309321197 14.2977877287877 14.5418868400744 0.754110018757035 1.14939048266344 0.558233894857373 0.428518670726722 14.4719552720184 14.2852264405647 14.5173324552598 10.1315084075377 9.05126489289839 0.977452174292581 10.1217009399349 14.8864761144138 0.662743891741454 14.3024847999663 15.47057908205 14.882728624981 14.0366624416916 14.0894531628723 14.568797821587 0.301834081518213 14.7142592558664 0.821694488386588 14.5972640462372 14.9155306012567 9.05900139262444 14.8920614385199 13.9703899124135 14.7738222636332 14.1176867829984 14.0818530419293 15.3127122497343 0.767128530440553 15.1483982334482 9.05532982063554 13.60326397235 9.38664377523996 9.04962073296435 9.15356367599062 14.6873197014597 9.99086244242933 1.11947734753689 0.590497105799021 14.1704316379549 9.59582601341867 13.9701314843111 10.4726293882205 10.1094369543476 9.66329256890282 0.272741896682131 14.0281764672199 0.684223096725939
0.751042767374117 15.0745838001061 6.77746691103974 15.200159632316 0.588000241899485 14.6527526545559 14.8830996135117 14.7466434293341 14.7848802997942 6.46197374224641 6.69394246985537 13.9037330655157 14.37466155352 14.6447596973891 7.26068561576783 0.170202891931872 0.603808461215938 14.7079558775701 0 0.619144022937918 6.66951034672785 0.37270857324614 0.372446366752151 14.8131662683841 14.6400137859374 6.84861574382256 14.3781313018224 0.817533563257018 0.287927327676614 14.9755609097744 14.3158938538505 14.9789643089335 14.3181799708392 1.01834155691613 7.69320508883569 6.62634700505737 6.82801287449251 7.02364788013267 15.2293467774504 15.2825130853293 0.539124024334096 14.7271187144812 14.9827018173238 6.36329881205926 6.83825584701647 14.184615984339 14.283387875027 0.486950128207344 0.710638199461778 14.6440102237209 13.6643500197811 14.9376137051242 15.0316727497134 14.1390080230041 1.09752412545749 0.389719124597258 6.51419659051841 6.87793524215588 15.6010936743232 6.10599870981508 14.8048761920278 14.6582857517279 0.49930313926063 14.3625490608439 1.1880378855069 0.800443108743568 13.3783919027959 0.436298346556997 14.5912276947622 14.5183651440009 14.8896082041384 14.3312179705569 0.265217492047078 6.93115495612087 14.6968689310509 0.839389540010491 14.9304794215367 0.721251543755324 14.5516368270186 14.3382137965386 15.155418038514 14.5563398900712 7.1775480689627 1.24569110107502 6.81773323836577 6.86085021996242 7.5411792316582 13.7136383322655 6.19887673497072 14.9873134991447 14.9825973429179 14.2270708656134 6.39473557777501 13.543052191856 6.90715403108765 6.69651518793639 7.47476666200314 14.7636860226138 0.973381125951415 14.5980418079248
0.879735559664783 14.8754168789578 6.22412692420686 14.9913386363852 0.289820527351696 14.4841512711103 14.2739105981233 14.1402767011275 14.1759880109134 5.90948995376837 6.13319906576053 13.7077980672327 14.1762579345606 14.046270906267 6.69516860421095 0.738424821898251 0.414550535071992 14.0991507678818 0.619144022937918 0 6.09854266102485 0.30989731449506 0.588349650330223 14.2022115972363 14.0293865395088 6.30488643136914 13.7768071039896 0.359551467492928 0.75780875837452 14.8128707549109 14.1398338265753 14.3722301455877 14.1328938305063 0.45647841965947 7.13342339972814 6.058854463106 6.24113768968455 6.45105062923718 14.6215755100095 14.6851228613088 0.919374879908258 14.1232002501923 14.7982504632595 5.80840070371459 6.26861709491119 14.0151941771881 14.1248234202821 0.246447239655197 0.717407966185343 14.0419298315427 13.0598689639357 14.3331223959196 14.420799999161 13.944011682442 0.900122352082561 0.472926661729416 5.95971042862099 6.284531408727 14.9954897974857 5.53873316657089 14.6134441738934 14.055304013282 0.445490368110832 14.2102076145057 1.29997254720051 0.540538427849669 13.1821582135973 0.698459499141853 13.9847280316296 14.3258352608877 14.2879534314087 14.1376425139808 0.817799448568187 6.33941349856466 14.5083426172469 0.310484569539058 14.7307848288665 0.516511314761356 14.3291477936604 14.1787856614624 14.5519472574865 14.3834276441334 6.59173500252185 0.673197316702368 6.23616365315562 6.26694047476907 6.96713679132844 13.5390709684053 5.62765814177973 14.3885796085196 14.3782256928253 14.0158992660996 5.81033658663594 13.3374552321568 6.38022925586711 6.14567927029024 6.92017383784059 14.1570679911281 0.576486710880746 13.9952183258108
6.85196569973683 16.6764428626061 0.453738595909626 16.6932867548777 6.08495809592589 16.5922501601942 9.859761248252 9.85848357538366 9.78179648049193 0.488982785903525 0.262038849261012 15.6328898911992 16.0393419315531 10.0683050859415 0.61213559386546 6.72241050568746 6.09776734000261 9.71403310503517 6.66951034672785 6.09854266102485 0 6.29684587101491 6.41579721886708 9.70806592164081 9.56259060513232 0.685284530968818 9.71904357877601 6.13023220824316 6.65531458894497 16.9490710441542 16.2082695486968 10.0594113082523 16.1190733797123 5.89708669317726 1.07370358064319 0.0997317489957059 0.49328291327271 0.356229178916041 10.2487240678301 10.697384407598 7.0040787126849 9.94114476266154 16.7403443246884 0.490242142298045 0.17314494715124 16.1524752973549 16.3486941588981 6.18256168393877 6.17042517402152 9.93574453168694 8.94035943924094 10.1139380871145 9.91727330658279 15.8575651669241 5.78481339142732 6.3283524679024 0.429324384243312 0.72462063741337 10.6899022695893 0.569335555275187 16.505811914644 9.91421460564645 6.4914792978005 16.4815637799155 6.24498263417247 6.36084911995704 15.1514585302053 6.77775805683336 9.7082861791297 16.2306989286241 10.1794807847519 16.0481462252317 6.76145998516268 0.687531869831222 16.4353930823441 5.83274773302785 16.5379339701038 6.41278378919199 15.9540575369612 16.3909480217411 10.3574275937088 16.4608697762657 0.671073096423043 5.43107876193114 0.334598570807864 0.737206579364166 0.874769791443962 15.670257769427 0.470892463554731 10.3764654795224 10.1606528357303 15.7739846389393 0.470605581790157 15.2071296896554 1.04495819683658 0.494260604117263 0.920568392560825 9.86359261009463 5.72251291734801 9.86460151397259
0.904170701840139 15.0965642013742 6.40526339756902 15.2160595409011 0.219241449700166 14.6937176306468 14.5706012635473 14.4390516948603 14.472922763031 6.08981027151202 6.32134852631196 13.9275194635689 14.3969913948489 14.3491923809342 6.88798922581162 0.451704875497114 0.270522826811719 14.3961582616013 0.37270857324614 0.30989731449506 6.29684587101491 0 0.285296249850338 14.49734869442 14.3248383890972 6.47726275733478 14.0784621688903 0.625132453333119 0.451012643114644 15.0202317253364 14.3521748388275 14.6707483377724 14.3487207157161 0.763251831103321 7.32067594213236 6.25363883150951 6.45670019135155 6.65102264596094 14.9193501176033 14.9884672711466 0.820834830384114 14.4234786532928 15.0138920424118 5.99097041954236 6.46556397130185 14.2249787771033 14.3304544178482 0.114367291183317 0.502211415163203 14.343198426969 13.3598687169677 14.6330616692088 14.7160052053604 14.1634330345915 0.808562611194268 0.180245976669483 6.14190228315952 6.50794132380987 15.2947258129043 5.73329111358182 14.8316679328695 14.3561016203193 0.498485524594416 14.4134418840206 1.07387950949534 0.726024064592662 13.4018751705928 0.636169513392129 14.2834208336625 14.5444138260004 14.589426417212 14.3565738383464 0.52109218885106 6.56076192292871 14.7254596365178 0.469323217560011 14.9521013177577 0.670624994542621 14.5587137005292 14.384761907122 14.8524597427991 14.5946203153967 6.80604471617751 0.876330634404523 6.44572082567808 6.49098672877122 7.1685963709342 13.7507156243181 5.82622801737211 14.6913861994 14.6782333093287 14.2412995682977 6.02309423268188 13.5606706877899 6.53803528429231 6.32449138419098 7.10251450251803 14.4556738526207 0.612698595125874 14.2961027298
1.0821569816625 15.3520905574412 6.50601830822561 15.473614494955 0.385608263277147 14.9424624636954 14.8079280154991 14.6800936452773 14.7106834313092 6.19027627887135 6.42955573468249 14.1823457951762 14.652349567994 14.5982786875065 7.0002465631846 0.327502394840419 0.325708032955848 14.6340530464227 0.372446366752151 0.588349650330223 6.41579721886708 0.285296249850338 0 14.7320249919525 14.5600636869183 6.56884720001955 14.3249935390125 0.909606875904466 0.239712989465121 15.2676034528416 14.602622639789 14.9113046381745 14.6012311882266 1.04463803668367 7.42649005265273 6.36893537031171 6.59399140121579 6.77120957753833 15.1585514793252 15.2384040248946 0.90965556518717 14.667314345941 15.2662210710909 6.09395326607064 6.58280948843213 14.4739121025389 14.5768572397053 0.35028986243778 0.339064260018408 14.5889480867473 13.6032700874158 14.8762405527258 14.9507752790279 14.4180595484041 0.738288459520957 0.119083933444874 6.24421243647137 6.65380247766911 15.5365446802137 5.84929279431518 15.0855281374484 14.60093539684 0.730191607037672 14.6583641250981 0.842679809508116 0.991572337131172 13.6567610840944 0.778452096950804 14.5243267533866 14.7985104743308 14.835559500824 14.6108954253623 0.347010419194201 6.70427041517898 14.9786850004058 0.665116089916806 15.2077387986181 0.927941327905662 14.8190344598247 14.6313683679183 15.0967085036639 14.8443536385608 6.94149839561597 1.05467551505152 6.57649970028774 6.6375766877698 7.28968448388552 14.0008235984972 5.94628237741484 14.9402103341353 14.921537233695 14.4993294747083 6.15799138004183 13.8175384322547 6.61465731954447 6.42297491415318 7.20346865035456 14.6964071313021 0.694013338488031 14.5411087092846
